13	280622
14	243964
15	273727
16	241489
17	269929
18	258038
19	276404
20	302348
21	331844
22	296968
23	313220
24	294687
25	341314
26	351663
27	361908
28	358176
29	359679
30	319698
31	311018
32	288228
33	336236
34	305372
35	304830
36	278826
37	269885
38	277471
39	261521
40	287836
41	289721
42	342003
43	265238
44	282327
45	273306
46	278731
47	306356
48	277576
49	250674
50	255907
51	248363
52	250413
53	251094
54	240137
55	257304
56	240018

General model Fourier1:
     f(x) =  a0 + a1*cos(x*w) + b1*sin(x*w)
Coefficients (with 95% confidence bounds):
       a0 =   2.875e+05  (2.77e+05, 2.981e+05)
       a1 =  -2.226e+04  (-5.521e+04, 1.069e+04)
       b1 =  -2.956e+04  (-5.335e+04, -5759)
       w =       0.137  (0.1036, 0.1704)

Goodness of fit:
  SSE: 2.346e+10
  R-square: 0.559
  Adjusted R-square: 0.526
  RMSE: 2.422e+04
